0 0.926857 0.610446 0.056620 0.111308
0 0.936921 0.592962 0.054932 0.104413
0 0.866665 0.507880 0.062464 0.097764
0 0.875042 0.488672 0.059737 0.093824
0 0.799787 0.421321 0.065580 0.084220
0 0.806734 0.399897 0.064152 0.080280
0 0.728168 0.351384 0.069346 0.070922
0 0.734336 0.328359 0.067658 0.065751
0 0.652068 0.297946 0.072982 0.056147
0 0.656614 0.273321 0.071424 0.051714
0 0.574346 0.262362 0.072593 0.041617
0 0.576878 0.237121 0.072723 0.036446
0 0.493832 0.244508 0.072593 0.023148
0 0.494546 0.218651 0.072463 0.017730
0 0.413317 0.246232 0.073891 0.025118
0 0.412668 0.221607 0.073891 0.021178
0 0.333062 0.266548 0.072333 0.044080
0 0.330400 0.242538 0.071944 0.039401
0 0.179693 0.361593 0.071208 0.069444
0 0.255478 0.305893 0.070190 0.060282
0 0.250900 0.281057 0.071208 0.058835
0 0.176641 0.336275 0.064596 0.067033
0 0.092336 0.447434 0.037893 0.052083
0 0.127050 0.409578 0.026449 0.040992
0 0.099584 0.409095 0.066121 0.078607
0 0.038930 0.511815 0.065358 0.088252
0 0.031174 0.486256 0.058492 0.081501