0 0.830018 0.034194 0.085021 0.059698
0 0.860322 0.068104 0.026984 0.040611
0 0.865247 0.107700 0.026984 0.036144
0 0.820702 0.126381 0.052683 0.049139
0 0.816526 0.084958 0.051612 0.047515
0 0.823700 0.197856 0.053968 0.049139
0 0.828412 0.244152 0.053968 0.049139
0 0.833338 0.289027 0.054396 0.051170
0 0.838156 0.335120 0.053754 0.052388
0 0.843296 0.379386 0.046472 0.048327
0 0.925127 0.629887 0.028144 0.040188
0 0.873501 0.697885 0.145976 0.086806
0 0.782118 0.639050 0.061883 0.056584
0 0.776523 0.592432 0.062561 0.056584
0 0.693871 0.722479 0.035265 0.040831
0 0.690226 0.684864 0.034078 0.040188
0 0.686666 0.647409 0.034417 0.042438
0 0.690057 0.600469 0.049676 0.041152
0 0.129959 0.289624 0.071327 0.335875
0 0.140252 0.206336 0.034946 0.114833
0 0.183335 0.383125 0.066062 0.206064
0 0.240660 0.357253 0.107470 0.229666
0 0.272255 0.223811 0.083056 0.404866