0 0.569956 0.418981 0.027114 0.136886
0 0.556751 0.412861 0.023945 0.134882
0 0.551763 0.567441 0.021714 0.137776
0 0.538440 0.563880 0.018545 0.137331
0 0.539673 0.721688 0.015141 0.138221
0 0.526644 0.719017 0.011855 0.137331
0 0.535271 0.876825 0.009625 0.138221
0 0.521890 0.875824 0.005634 0.138889
0 0.535213 0.980658 0.009977 0.037393
0 0.523064 0.987654 0.006104 0.024230
0 0.595133 0.271412 0.034274 0.135995
0 0.583278 0.262064 0.030987 0.132879
0 0.627704 0.128851 0.039790 0.130876
0 0.616143 0.117833 0.036856 0.131099
0 0.656870 0.029147 0.025818 0.058293
0 0.642965 0.019687 0.017727 0.039374