0 0.024956 0.555165 0.019975 0.041486
0 0.036846 0.590037 0.019658 0.042088
0 0.047626 0.623407 0.017122 0.034873
0 0.022261 0.601160 0.018707 0.039683
0 0.034944 0.636484 0.019024 0.039983
0 0.057376 0.726070 0.021402 0.048401
0 0.367718 0.555756 0.023827 0.056090
0 0.089468 0.986797 0.023757 0.025944
0 0.109516 0.967860 0.023851 0.038996
0 0.814570 0.477556 0.016241 0.034420
0 0.832137 0.490539 0.032481 0.081320
0 0.831288 0.524960 0.016771 0.035427
0 0.673395 0.097932 0.035928 0.053136
0 0.645999 0.133970 0.014426 0.025253