0 0.444485 0.482689 0.022716 0.042271
0 0.439071 0.500805 0.012101 0.024557
0 0.373684 0.573671 0.017621 0.035024
0 0.410305 0.553845 0.044794 0.078301
0 0.460402 0.403032 0.018013 0.035287
0 0.474618 0.418840 0.019055 0.034158
0 0.459285 0.446505 0.018162 0.033593
0 0.448418 0.423498 0.017864 0.035005
0 0.441123 0.437189 0.012802 0.024560
0 0.452140 0.459208 0.012802 0.023430
0 0.406586 0.533452 0.049721 0.088358
0 0.401078 0.508892 0.058951 0.107554
0 0.367658 0.605155 0.012058 0.023430
0 0.372049 0.614470 0.012505 0.021172