0 0.393786 0.073082 0.014976 0.023439
0 0.420906 0.080058 0.025421 0.024369
0 0.536133 0.126308 0.031738 0.025983
0 0.607644 0.235799 0.022888 0.021735
0 0.606187 0.258251 0.022195 0.023170
0 0.604384 0.281524 0.021917 0.023785
0 0.583854 0.230467 0.022749 0.022145
0 0.581426 0.254150 0.021501 0.021940
0 0.579901 0.277013 0.021778 0.022965
0 0.510891 0.488324 0.030877 0.021228
0 0.485160 0.488148 0.015797 0.026535
0 0.497965 0.523351 0.047153 0.041041
0 0.547631 0.550594 0.049307 0.031135
0 0.589399 0.504069 0.029919 0.026535
0 0.507779 0.666819 0.049067 0.032904
0 0.507411 0.612453 0.040545 0.025777
0 0.349790 0.548859 0.017439 0.083190
0 0.241715 0.712662 0.048634 0.027209
0 0.225536 0.738153 0.031777 0.026064
0 0.282695 0.761638 0.045728 0.023772
0 0.508359 0.866961 0.053605 0.028243