0 0.193284 0.024194 0.020992 0.026476
0 0.311138 0.164750 0.026079 0.030142
0 0.249617 0.249742 0.027882 0.032397
0 0.325222 0.500306 0.038069 0.062084
0 0.136521 0.868325 0.025524 0.014385
0 0.164349 0.794067 0.006573 0.034952
0 0.029305 0.717599 0.033518 0.035782
0 0.636036 0.315278 0.028035 0.031195
0 0.659053 0.365434 0.026483 0.032724
0 0.491264 0.762169 0.042366 0.048117
0 0.671736 0.701845 0.037100 0.047056
0 0.642769 0.743673 0.011252 0.024006
0 0.645741 0.776858 0.016771 0.028870
0 0.702610 0.541580 0.022822 0.024712
0 0.751836 0.510199 0.028395 0.041972
0 0.751306 0.567077 0.043786 0.061585
0 0.717073 0.600027 0.044317 0.060801