0 0.727336 0.552309 0.027426 0.039382
0 0.703001 0.572451 0.014902 0.027357
0 0.713068 0.605970 0.014426 0.025854
0 0.721867 0.658430 0.020609 0.046597
0 0.518989 0.087477 0.015673 0.026292
0 0.531196 0.104767 0.014769 0.024863
0 0.615439 0.231081 0.015070 0.026006
0 0.627496 0.250229 0.014769 0.026578
0 0.639552 0.267661 0.014769 0.024863
0 0.582887 0.138060 0.144676 0.232625
0 0.512773 0.555961 0.054365 0.098559
0 0.489429 0.508710 0.049457 0.106672
0 0.477474 0.488665 0.048199 0.106195
0 0.378622 0.778136 0.045053 0.096172
0 0.364905 0.760596 0.043543 0.096411
0 0.396177 0.577916 0.150637 0.365836
0 0.475397 0.435209 0.012585 0.027444
0 0.465959 0.459312 0.013843 0.028876
0 0.456583 0.482579 0.012710 0.026728
0 0.447648 0.505369 0.013214 0.026966
0 0.438776 0.528279 0.013088 0.027444
0 0.428834 0.550830 0.013088 0.028160
0 0.419144 0.572905 0.013843 0.026966
0 0.391395 0.643065 0.012962 0.027444
0 0.382020 0.665497 0.013088 0.026489
0 0.372518 0.687691 0.012459 0.026966
0 0.363143 0.710123 0.012333 0.026966
0 0.353390 0.732913 0.012962 0.027205
0 0.344203 0.756658 0.012962 0.027444