0 0.715486 0.827757 0.061828 0.025703
0 0.944525 0.434525 0.013033 0.014314
0 0.484669 0.812432 0.061825 0.017565
0 0.492927 0.768723 0.042150 0.018655
0 0.452213 0.753949 0.085521 0.008442
0 0.441263 0.768995 0.062040 0.017021
0 0.299266 0.597271 0.051425 0.008865
0 0.311103 0.451402 0.026842 0.017887
0 0.281591 0.451271 0.027050 0.018150
0 0.249721 0.451205 0.031974 0.017230
0 0.315133 0.301628 0.034374 0.008983
0 0.093442 0.552685 0.014823 0.007967
0 0.116668 0.410113 0.007372 0.017436
0 0.158124 0.263107 0.012920 0.012025
0 0.155865 0.274381 0.007768 0.008117
0 0.301230 0.018340 0.022536 0.008256
0 0.301145 0.028377 0.022195 0.007932
0 0.301145 0.038008 0.021853 0.007446
0 0.300803 0.048692 0.021853 0.008741
0 0.471499 0.419384 0.042565 0.049316
0 0.428085 0.418680 0.039806 0.050322
0 0.437788 0.287037 0.052403 0.049272
0 0.478158 0.288112 0.026768 0.049438