0 0.296230 0.688327 0.046038 0.071098
0 0.311576 0.727348 0.046387 0.071759
0 0.181600 0.910880 0.046468 0.073920
0 0.166585 0.873225 0.045898 0.074537
0 0.115131 0.400350 0.016177 0.028982
0 0.109921 0.375602 0.008535 0.017126
0 0.106695 0.382848 0.008634 0.016938
0 0.102478 0.386988 0.008733 0.018067
0 0.098160 0.361770 0.008436 0.017690
0 0.093347 0.366192 0.008337 0.017879
0 0.074937 0.311521 0.019154 0.034628
0 0.081388 0.329682 0.019750 0.034064
0 0.237439 0.064252 0.013307 0.023148
0 0.242828 0.087713 0.014187 0.024608
0 0.252835 0.136407 0.020565 0.041083