0 0.449777 0.905093 0.019880 0.018188
0 0.448905 0.886409 0.020926 0.018519
0 0.448033 0.867394 0.020926 0.020172
0 0.447074 0.847884 0.020403 0.018188
0 0.446638 0.828869 0.020926 0.016534
0 0.446027 0.810020 0.021101 0.017196
0 0.423119 0.909210 0.025705 0.019587
0 0.422356 0.890625 0.024884 0.018029
0 0.421417 0.871149 0.024649 0.017806
0 0.420889 0.851674 0.025001 0.017584
0 0.419715 0.832532 0.024531 0.018029
0 0.419070 0.813502 0.024414 0.017361
0 0.390489 0.818064 0.024531 0.017584
0 0.391134 0.836984 0.024649 0.018029
0 0.391956 0.856014 0.024649 0.018697
0 0.392895 0.875045 0.025118 0.018029
0 0.393951 0.894186 0.024884 0.018029
0 0.395008 0.913996 0.025118 0.018029
0 0.367835 0.917780 0.021245 0.017584
0 0.366896 0.898304 0.021245 0.017361
0 0.366075 0.878606 0.020775 0.017584
0 0.365312 0.860577 0.020658 0.017584
0 0.364255 0.840434 0.020658 0.017361
0 0.363727 0.821181 0.020775 0.017584
0 0.444938 0.790706 0.020778 0.017730
0 0.443965 0.771868 0.020648 0.017977
0 0.443055 0.753029 0.020908 0.017730
0 0.442666 0.734313 0.020388 0.017238
0 0.441692 0.714367 0.020778 0.018223
0 0.441043 0.695159 0.021038 0.017730
0 0.440199 0.675827 0.020908 0.017977
0 0.439549 0.656127 0.020648 0.016007
0 0.438835 0.636057 0.020258 0.016745
0 0.412148 0.639505 0.024804 0.017238
0 0.412798 0.659698 0.025063 0.017730
0 0.413772 0.678906 0.024934 0.016253
0 0.414421 0.699714 0.025193 0.018469
0 0.415395 0.718553 0.024804 0.018223
0 0.415914 0.738007 0.024804 0.017730
0 0.416564 0.756969 0.025583 0.017730
0 0.417408 0.775808 0.025193 0.017484
0 0.418382 0.794400 0.024804 0.017238
0 0.389552 0.798833 0.024544 0.018223
0 0.389098 0.779378 0.024934 0.018716
0 0.387929 0.760170 0.024674 0.017238
0 0.386955 0.741455 0.024544 0.017730
0 0.386176 0.722493 0.025063 0.017730
0 0.385592 0.703408 0.024414 0.017484
0 0.384618 0.683461 0.024544 0.017484
0 0.383903 0.663638 0.024414 0.017238
0 0.383189 0.643445 0.025063 0.020193
0 0.362866 0.801911 0.021038 0.017977
0 0.362022 0.783811 0.021168 0.018223
0 0.361437 0.764726 0.020778 0.018469
0 0.360593 0.745272 0.021168 0.017484
0 0.359814 0.726926 0.020908 0.016745
0 0.359035 0.706979 0.020129 0.016253
0 0.358256 0.687278 0.020648 0.017238
0 0.437300 0.615215 0.020114 0.018150
0 0.437162 0.596407 0.020114 0.018939
0 0.436399 0.576021 0.021362 0.017624
0 0.434803 0.556029 0.020946 0.017624
0 0.408517 0.560238 0.024414 0.018150
0 0.409349 0.579440 0.024969 0.019729
0 0.410667 0.599958 0.025108 0.018150
0 0.411291 0.619160 0.024414 0.016572
0 0.382230 0.622975 0.024553 0.017887
0 0.381536 0.603246 0.025940 0.016309
0 0.380565 0.583386 0.024553 0.017624
0 0.380010 0.564447 0.024553 0.017624
0 0.379039 0.544060 0.024553 0.016835
0 0.351920 0.548532 0.020530 0.015257
0 0.353585 0.567998 0.020807 0.016309
0 0.354348 0.587069 0.021501 0.017624
0 0.354903 0.607718 0.021224 0.018413
0 0.355804 0.627841 0.021085 0.018150
0 0.356498 0.647306 0.021362 0.016046
0 0.374132 0.479681 0.012750 0.014146
0 0.354262 0.482124 0.020481 0.015947
0 0.379422 0.459362 0.025228 0.015689
0 0.353244 0.464120 0.020345 0.016975
0 0.436049 0.452289 0.021566 0.018519
0 0.435506 0.431970 0.020752 0.016975
0 0.433946 0.412166 0.020345 0.015947
0 0.433268 0.391590 0.021159 0.015432
0 0.432251 0.372171 0.020752 0.017233
0 0.431505 0.351980 0.020345 0.015947
0 0.430759 0.331147 0.020752 0.017490
0 0.408922 0.434928 0.024821 0.019290
0 0.407566 0.415381 0.024821 0.016718
0 0.406277 0.395962 0.024414 0.015947
0 0.405735 0.375772 0.024957 0.017747
0 0.404582 0.356353 0.025092 0.016975
0 0.403836 0.335391 0.024957 0.018261
0 0.375081 0.339635 0.024685 0.015947
0 0.375760 0.360211 0.024685 0.019033
0 0.376641 0.380144 0.024550 0.017747
0 0.377455 0.399949 0.024550 0.016204
0 0.377930 0.418338 0.024143 0.017490
0 0.379286 0.439686 0.025499 0.017490
0 0.352295 0.443544 0.021430 0.016461
0 0.351549 0.422840 0.022380 0.016718
0 0.350667 0.403164 0.021159 0.015947
0 0.349718 0.382845 0.021430 0.015947
0 0.349311 0.362912 0.021973 0.016204
0 0.348090 0.343879 0.020888 0.018261
0 0.429403 0.311857 0.020209 0.015947
0 0.403497 0.316229 0.024821 0.016461
0 0.374200 0.321502 0.025092 0.016718
0 0.347616 0.323174 0.021837 0.015432
0 0.429335 0.291409 0.021973 0.015689
0 0.402208 0.296682 0.024685 0.018004
0 0.373386 0.300669 0.026991 0.017747
0 0.346734 0.304398 0.021701 0.015947
0 0.372369 0.279964 0.024685 0.017490
0 0.401326 0.275206 0.024278 0.018776
0 0.427843 0.271476 0.021159 0.017490
0 0.400377 0.236240 0.025363 0.018519
0 0.426622 0.231996 0.021430 0.018776
0 0.398953 0.256559 0.020345 0.018004
0 0.370266 0.261317 0.021023 0.017233
0 0.347276 0.264275 0.016819 0.016975
0 0.371351 0.240484 0.024821 0.018261
0 0.399970 0.216178 0.026177 0.018004
0 0.425741 0.212706 0.019938 0.017747
0 0.370605 0.221193 0.025499 0.018261
0 0.372437 0.200874 0.021566 0.017233
0 0.398478 0.197531 0.024821 0.019805
0 0.425469 0.192773 0.020752 0.019547
0 0.424452 0.174640 0.020888 0.017233
0 0.423977 0.154321 0.021566 0.017233
0 0.423503 0.135802 0.020616 0.016718
0 0.422146 0.115226 0.020616 0.017747
0 0.421536 0.095936 0.021566 0.018261
0 0.420858 0.077803 0.020481 0.016975
0 0.394341 0.083462 0.025228 0.015432
0 0.395087 0.101080 0.025092 0.017233
0 0.394341 0.119727 0.024143 0.017490
0 0.396851 0.140303 0.025906 0.018004
0 0.397393 0.159079 0.025363 0.018004
0 0.398139 0.177726 0.024957 0.016718
0 0.368842 0.163837 0.025770 0.019290
0 0.367418 0.144547 0.025363 0.018261
0 0.366604 0.125129 0.024550 0.019033
0 0.365180 0.086806 0.024957 0.018519
0 0.340902 0.094007 0.017361 0.008745
0 0.339410 0.110340 0.013292 0.015689
0 0.345445 0.149434 0.013156 0.016204