0 0.391088 0.585678 0.025524 0.030964
0 0.399015 0.550655 0.013158 0.028860
0 0.397984 0.529461 0.012366 0.027958
0 0.387600 0.554714 0.012841 0.028559
0 0.415740 0.509620 0.009829 0.026756
0 0.423904 0.506614 0.009671 0.024351
0 0.414154 0.539833 0.010780 0.027658
0 0.422477 0.537578 0.009353 0.026154
0 0.430563 0.535474 0.009353 0.025553
0 0.438251 0.532317 0.008878 0.027056
0 0.394100 0.507816 0.048035 0.112734
0 0.448477 0.374790 0.065157 0.149110
0 0.481214 0.410714 0.013951 0.024351
0 0.508640 0.391474 0.039950 0.089286