0 0.912336 0.471065 0.013777 0.015873
0 0.593252 0.685662 0.016989 0.080183
0 0.558455 0.679100 0.041529 0.084240
0 0.510634 0.669196 0.043039 0.083047
0 0.468476 0.658577 0.030958 0.078513
0 0.432332 0.674923 0.007243 0.035648
0 0.425456 0.669753 0.003906 0.013580
0 0.425049 0.685648 0.003581 0.010802
0 0.423970 0.718996 0.007786 0.035542
0 0.392492 0.717082 0.013841 0.026611
0 0.403689 0.718540 0.007978 0.027340
0 0.609950 0.855159 0.008894 0.047950
0 0.601667 0.853836 0.007673 0.048611
0 0.592948 0.853505 0.008719 0.046627
0 0.583030 0.850767 0.008138 0.048382
0 0.574507 0.848369 0.007808 0.047756
0 0.566149 0.846701 0.007808 0.048590
0 0.555152 0.845345 0.008248 0.049633
0 0.546629 0.842634 0.009238 0.048799
0 0.538381 0.841175 0.008798 0.047965
0 0.529253 0.840236 0.008578 0.048173
0 0.521225 0.838151 0.009018 0.047756
0 0.512681 0.836098 0.008415 0.047645
0 0.504504 0.834412 0.008652 0.046072
0 0.495970 0.832951 0.007703 0.047645
0 0.487378 0.831378 0.009481 0.048094
0 0.478312 0.829580 0.007940 0.047645
0 0.470016 0.828007 0.008178 0.048993
0 0.461838 0.826209 0.008415 0.048094
0 0.453305 0.824186 0.008652 0.047195
0 0.444950 0.822389 0.008296 0.047195
0 0.436180 0.820928 0.008296 0.046521
0 0.428180 0.819804 0.007940 0.047869
0 0.419765 0.817781 0.007940 0.048768
0 0.411529 0.815759 0.007822 0.046521
0 0.293035 0.760811 0.019004 0.014205
0 0.315785 0.763310 0.019836 0.015520
0 0.271534 0.748580 0.153004 0.046559
0 0.225827 0.778435 0.063809 0.022096