0 0.985535 0.226804 0.028687 0.011584
0 0.968093 0.242526 0.060660 0.028593
0 0.959078 0.282639 0.077186 0.052189
0 0.975229 0.327610 0.046387 0.027205
0 0.423619 0.341857 0.019880 0.037635
0 0.427979 0.382198 0.026507 0.038924
0 0.428938 0.426277 0.026681 0.038408
0 0.429810 0.468036 0.026332 0.037892
0 0.348833 0.445992 0.026253 0.019033
0 0.349920 0.467125 0.026421 0.017302
0 0.342730 0.489742 0.012040 0.018044
0 0.343733 0.511865 0.012374 0.017302
0 0.344486 0.534111 0.012541 0.016808
0 0.344904 0.556604 0.012709 0.019280
0 0.345155 0.579591 0.012207 0.017797
0 0.345573 0.601096 0.012374 0.017302
0 0.345656 0.624207 0.012541 0.019033
0 0.346074 0.645341 0.012709 0.017797
0 0.308011 0.448976 0.026991 0.020049
0 0.308146 0.469526 0.026720 0.018645
0 0.308960 0.492983 0.027534 0.019447
0 0.309299 0.514034 0.027398 0.017443
0 0.309299 0.536188 0.027941 0.018445
0 0.309842 0.558242 0.028212 0.019648
0 0.309977 0.580697 0.026313 0.018044
0 0.310655 0.603352 0.026313 0.019247
0 0.310723 0.626208 0.026449 0.018044
0 0.311334 0.647360 0.026855 0.019046
0 0.269762 0.461656 0.034926 0.038594
0 0.270779 0.505263 0.032891 0.036589
0 0.271966 0.549370 0.033908 0.038594
0 0.272644 0.594230 0.034587 0.038093
0 0.272305 0.638839 0.033908 0.038093
0 0.227546 0.462909 0.033908 0.040098
0 0.228733 0.508270 0.034926 0.039597
0 0.229750 0.552628 0.036282 0.042103
0 0.230259 0.596987 0.035265 0.038594
0 0.231784 0.642849 0.033569 0.039095
0 0.185669 0.465666 0.036282 0.038594
0 0.187025 0.510024 0.036282 0.040098
0 0.187195 0.553881 0.034587 0.038594
0 0.188721 0.599743 0.034926 0.035086
0 0.188890 0.644102 0.034587 0.040599