0 0.068950 0.734669 0.010025 0.018563
0 0.065913 0.746522 0.009848 0.018787
0 0.062965 0.758711 0.009730 0.018563
0 0.033302 0.700505 0.034970 0.040146
0 0.717965 0.835529 0.026302 0.089252
0 0.712302 0.830637 0.030077 0.093309
0 0.696571 0.814528 0.026805 0.090683
0 0.702486 0.821210 0.030832 0.095456
0 0.719852 0.663827 0.054239 0.058944
0 0.719097 0.676952 0.075885 0.085195
0 0.715762 0.691509 0.076262 0.085672
0 0.708023 0.718595 0.081926 0.100706
0 0.634718 0.733987 0.048325 0.057512
0 0.631194 0.748783 0.048325 0.058467
0 0.626034 0.768113 0.048828 0.057035
0 0.621693 0.782789 0.049457 0.057751
0 0.575662 0.541982 0.006429 0.016026
0 0.579454 0.545748 0.005778 0.015341
0 0.583355 0.549310 0.005778 0.015067
0 0.587038 0.553008 0.005923 0.015067
0 0.590830 0.557117 0.006284 0.015889
0 0.594695 0.560541 0.005923 0.015889
0 0.598379 0.564445 0.005923 0.015478
0 0.602279 0.568143 0.005923 0.015752
0 0.605963 0.571841 0.005923 0.015478
0 0.609647 0.576088 0.005923 0.015478
0 0.613583 0.579512 0.005995 0.015478
0 0.617411 0.583279 0.006284 0.016163
0 0.621276 0.586840 0.006212 0.016163
0 0.625104 0.590880 0.006067 0.016026