0 0.363970 0.896104 0.013376 0.019208
0 0.361372 0.884038 0.012597 0.017238
0 0.367281 0.913465 0.012467 0.017484
0 0.369683 0.925532 0.012077 0.016007
0 0.272898 0.757282 0.018565 0.025559
0 0.298330 0.725936 0.013479 0.035204
0 0.307103 0.717978 0.013224 0.034722
0 0.316132 0.710262 0.012970 0.035687
0 0.324651 0.701582 0.013224 0.032793
0 0.333806 0.695071 0.012716 0.036169
0 0.342326 0.685909 0.012970 0.035204
0 0.351227 0.678434 0.013987 0.035687
0 0.343216 0.645882 0.013224 0.033275
0 0.334696 0.653839 0.013987 0.033758
0 0.325795 0.661314 0.013987 0.034240
0 0.317530 0.668547 0.013733 0.032311
0 0.308248 0.676746 0.012970 0.034240
0 0.299347 0.684703 0.013987 0.034722
0 0.291336 0.693142 0.013224 0.035204
0 0.269084 0.740403 0.017548 0.024595
0 0.265142 0.722801 0.016785 0.024113
0 0.261581 0.706887 0.016785 0.026042
0 0.257512 0.689767 0.016785 0.024595
0 0.253825 0.673370 0.016022 0.023630
0 0.248611 0.652633 0.016785 0.025559
0 0.244797 0.634549 0.017293 0.024113
0 0.241491 0.617670 0.017293 0.026042
0 0.237803 0.601514 0.017548 0.026524
0 0.232590 0.584394 0.016276 0.026042
0 0.229411 0.568239 0.017548 0.026524
0 0.320964 0.537375 0.058746 0.139371