0 0.304688 0.220395 0.036621 0.042641
0 0.383069 0.235015 0.044331 0.047515
0 0.548507 0.093080 0.107936 0.060916
0 0.636847 0.084552 0.040476 0.043860
0 0.638132 0.141813 0.044331 0.046296
0 0.638446 0.199921 0.042873 0.042909
0 0.638892 0.257227 0.042576 0.042344
0 0.640976 0.313403 0.042576 0.041780
0 0.642763 0.371556 0.043767 0.042909
0 0.642912 0.428579 0.042278 0.042909
0 0.644549 0.485603 0.041980 0.040650
0 0.550912 0.402608 0.042873 0.040650
0 0.564161 0.459350 0.053294 0.043473
0 0.572349 0.517220 0.042278 0.041780
0 0.636064 0.544038 0.053592 0.043473
0 0.571456 0.574526 0.042873 0.043473
0 0.637999 0.614612 0.053890 0.043473
0 0.639637 0.670506 0.053592 0.043473
0 0.640381 0.728941 0.052699 0.045167
0 0.576666 0.805160 0.053294 0.046296
0 0.576368 0.747290 0.052699 0.042344
0 0.570414 0.689984 0.042576 0.042909
0 0.570563 0.632678 0.042278 0.043473
0 0.221701 0.166179 0.029554 0.045890
0 0.167626 0.238670 0.020773 0.040611
0 0.171267 0.287809 0.021202 0.043047
0 0.174372 0.326795 0.019274 0.024366
0 0.053924 0.652926 0.031686 0.021917
0 0.055482 0.674473 0.030388 0.026103
0 0.647983 0.924586 0.041333 0.043860