0 0.379007 0.711964 0.028004 0.037672
0 0.406891 0.693809 0.028722 0.038580
0 0.438606 0.671569 0.029919 0.039488
0 0.466969 0.653186 0.029680 0.038126
0 0.460866 0.618237 0.029440 0.037219
0 0.432981 0.637527 0.030637 0.042211
0 0.400309 0.659768 0.028962 0.039488
0 0.372544 0.678150 0.028483 0.039942
0 0.365842 0.642974 0.028004 0.038580
0 0.393607 0.624592 0.028962 0.039942
0 0.426040 0.603940 0.030159 0.040396
0 0.453805 0.584877 0.028722 0.037672
0 0.447342 0.549927 0.029201 0.038580
0 0.419458 0.567629 0.029919 0.037672
0 0.387145 0.590550 0.029440 0.039942
0 0.359499 0.608706 0.027765 0.037219
0 0.353516 0.574664 0.027286 0.039034
0 0.381161 0.555374 0.029440 0.038580
0 0.412995 0.533588 0.029440 0.040396
0 0.347173 0.539715 0.027526 0.038126
0 0.374818 0.520652 0.028722 0.039942
0 0.406532 0.500000 0.029440 0.037672
0 0.428792 0.446668 0.030398 0.039942
0 0.400549 0.465278 0.029919 0.039034
0 0.368116 0.487064 0.028722 0.039034
0 0.340950 0.505901 0.028004 0.037672
0 0.434537 0.480710 0.028962 0.038126
0 0.441239 0.519063 0.029919 0.031318