0 0.107497 0.071759 0.039321 0.133324
0 0.096757 0.080774 0.034508 0.129095
0 0.144998 0.208088 0.045776 0.126425
0 0.134493 0.219551 0.041903 0.121305
0 0.190775 0.334847 0.051880 0.118634
0 0.179859 0.345085 0.046481 0.107505
0 0.244474 0.450588 0.058336 0.111512
0 0.235319 0.466168 0.054580 0.103499
0 0.304864 0.551416 0.063383 0.099047
0 0.297586 0.570335 0.063383 0.096822
0 0.371767 0.638555 0.066434 0.087251
0 0.365018 0.656250 0.066082 0.086138
0 0.443014 0.709001 0.069956 0.073673
0 0.435620 0.726140 0.064791 0.067441
0 0.518897 0.762197 0.072186 0.058983
0 0.514907 0.784233 0.070777 0.050525
0 0.597715 0.797253 0.073477 0.041400
0 0.595191 0.821292 0.071716 0.032942
0 0.677882 0.813724 0.072303 0.024484
0 0.677354 0.838542 0.072186 0.018474
0 0.758930 0.811832 0.072655 0.027377
0 0.759752 0.837985 0.072421 0.018697
0 0.839449 0.791800 0.072186 0.041177
0 0.842208 0.817174 0.071599 0.038061
0 0.916858 0.752849 0.071129 0.060319
0 0.922258 0.777555 0.070660 0.052751
0 0.974607 0.713675 0.034039 0.038506
0 0.981785 0.732960 0.036187 0.040891
0 0.996985 0.692530 0.005787 0.021145