0 0.405865 0.510461 0.006690 0.013577
0 0.408447 0.501447 0.006690 0.013355
0 0.411382 0.491765 0.006925 0.013132
0 0.414081 0.482750 0.007160 0.012910
0 0.416898 0.473068 0.006690 0.011351
0 0.419950 0.462273 0.007395 0.012464
0 0.423119 0.452813 0.006925 0.012242
0 0.425584 0.443354 0.006925 0.011129
0 0.428460 0.434785 0.006573 0.011351
0 0.407802 0.453926 0.007277 0.013132
0 0.405161 0.462718 0.007160 0.012464
0 0.402461 0.472512 0.007160 0.012464
0 0.399644 0.482305 0.006925 0.012464
0 0.396827 0.492989 0.006925 0.012464
0 0.394245 0.503005 0.007160 0.012910
0 0.391604 0.512576 0.007043 0.012464
0 0.388728 0.522480 0.007160 0.014022
0 0.396005 0.441796 0.007395 0.012910
0 0.393247 0.451589 0.007512 0.011574
0 0.390900 0.461049 0.007043 0.012687
0 0.387613 0.470842 0.007277 0.012687
0 0.385207 0.481526 0.007160 0.012687
0 0.382331 0.491319 0.006808 0.012242
0 0.379808 0.501002 0.007160 0.012019
0 0.377049 0.510350 0.006573 0.011129
0 0.384327 0.430556 0.007277 0.012687
0 0.381451 0.440349 0.007160 0.013132
0 0.379162 0.449697 0.007043 0.012687
0 0.376169 0.459825 0.006690 0.012019
0 0.373998 0.470175 0.006573 0.012242
0 0.370770 0.479523 0.006456 0.012242
0 0.368305 0.489316 0.007160 0.012242
0 0.365605 0.498442 0.006456 0.011351
0 0.373880 0.414307 0.006808 0.012242
0 0.371533 0.423878 0.006338 0.010906
0 0.368774 0.433449 0.007160 0.013132
0 0.366075 0.442686 0.007160 0.011129
0 0.363199 0.452925 0.007043 0.012019
0 0.360323 0.462496 0.006690 0.012464
0 0.357624 0.472957 0.007160 0.012464
0 0.355159 0.482528 0.006456 0.012464
0 0.362554 0.403178 0.006456 0.011351
0 0.359737 0.412861 0.006456 0.012019
0 0.357154 0.422098 0.006690 0.011351
0 0.354044 0.432225 0.006808 0.012019
0 0.351520 0.442018 0.006690 0.012019
0 0.348703 0.451700 0.006456 0.013132
0 0.346062 0.460826 0.005869 0.011351
0 0.343187 0.470842 0.006221 0.011797