0 0.207245 0.451470 0.031910 0.041423
0 0.202320 0.410859 0.031481 0.040611
0 0.195253 0.373700 0.031910 0.039392
0 0.139299 0.218525 0.015259 0.030864
0 0.140571 0.260159 0.010003 0.030543
0 0.146335 0.297614 0.016446 0.032793
0 0.151845 0.335069 0.015937 0.031829
0 0.173004 0.253472 0.017395 0.032986
0 0.190552 0.246817 0.016479 0.031250
0 0.234192 0.165220 0.158691 0.097222
0 0.249908 0.214120 0.083923 0.074653
0 0.309723 0.173611 0.018005 0.035301
0 0.192121 0.756448 0.076207 0.058201
0 0.124808 0.777282 0.043422 0.042989
0 0.128645 0.816303 0.044120 0.044974
0 0.131958 0.861442 0.044817 0.043320
0 0.136405 0.898479 0.044992 0.045304
0 0.174770 0.848214 0.017439 0.035384
0 0.198138 0.882275 0.054408 0.048611
0 0.204851 0.837136 0.031913 0.041667
0 0.258214 0.857970 0.062256 0.052910