0 0.519302 0.807147 0.018921 0.056713
0 0.505493 0.794416 0.021210 0.058449
0 0.502899 0.874132 0.023041 0.067419
0 0.488480 0.862413 0.021667 0.068287
0 0.473450 0.848090 0.020905 0.067998
0 0.460251 0.835648 0.022278 0.067419
0 0.446594 0.822917 0.021820 0.066840
0 0.433243 0.810764 0.022583 0.069155
0 0.391663 0.771701 0.017853 0.050637
0 0.378159 0.758681 0.022278 0.067998
0 0.364349 0.746528 0.022125 0.066262
0 0.350616 0.732350 0.021210 0.069155
0 0.328720 0.707610 0.018616 0.058449
0 0.315445 0.696181 0.018921 0.056424
0 0.301407 0.686343 0.017700 0.055845
0 0.288437 0.674045 0.018616 0.055556