0 0.424316 0.321623 0.006893 0.024237
0 0.431425 0.321215 0.006463 0.024510
0 0.439108 0.321078 0.006032 0.023693
0 0.446145 0.320398 0.005744 0.022331
0 0.424747 0.349946 0.006606 0.024782
0 0.432287 0.349401 0.005888 0.024237
0 0.439898 0.348584 0.005888 0.022603
0 0.447438 0.348448 0.006032 0.022331
0 0.425537 0.378404 0.006463 0.023420
0 0.432718 0.378404 0.006175 0.025054
0 0.440329 0.378540 0.006463 0.024782
0 0.447869 0.377451 0.006032 0.024782
0 0.448228 0.405501 0.006750 0.023148
0 0.441191 0.406182 0.005888 0.023420
0 0.433149 0.407135 0.006463 0.024237
0 0.426040 0.406727 0.006606 0.022876