0 0.192185 0.383008 0.163310 0.108233
0 0.201258 0.458396 0.021775 0.038789
0 0.222867 0.449950 0.021445 0.040666
0 0.210330 0.513138 0.022105 0.040666
0 0.224517 0.554117 0.041240 0.050050
0 0.365558 0.639827 0.040910 0.050050
0 0.393436 0.627940 0.010887 0.036286
0 0.101127 0.609797 0.032002 0.046296
0 0.091394 0.677365 0.077201 0.100100
0 0.129170 0.669857 0.007588 0.035035
0 0.248931 0.603228 0.084789 0.101977
0 0.250746 0.686749 0.099636 0.111361
0 0.375125 0.685498 0.050148 0.051301
0 0.119273 0.748373 0.079511 0.105731
0 0.176844 0.735548 0.039590 0.048799