0 0.761217 0.803635 0.014674 0.021917
0 0.756218 0.846607 0.010129 0.013298
0 0.729791 0.804866 0.006104 0.017977
0 0.725116 0.829615 0.019869 0.028073
0 0.723168 0.799695 0.011558 0.027827
0 0.710636 0.805728 0.011688 0.041864
0 0.708030 0.829607 0.007149 0.009407
0 0.476850 0.885665 0.046125 0.047784
0 0.482125 0.869213 0.042725 0.044312
0 0.491673 0.854828 0.029907 0.034392
0 0.541450 0.341479 0.025573 0.044245
0 0.522096 0.361551 0.010507 0.019339
0 0.518465 0.342138 0.009889 0.020071
0 0.459047 0.359431 0.008515 0.011107
0 0.481148 0.344123 0.024168 0.022495
0 0.443198 0.376185 0.016096 0.017734
0 0.448440 0.402834 0.021264 0.045270
0 0.449497 0.339243 0.026575 0.052442
0 0.497245 0.299502 0.021929 0.050393
0 0.508345 0.261144 0.009020 0.030216
0 0.527925 0.240300 0.008318 0.010857
0 0.529734 0.250236 0.008048 0.010447
0 0.502848 0.147707 0.050223 0.157407
0 0.477446 0.172288 0.051270 0.158069
0 0.488956 0.059303 0.015927 0.015873
0 0.490583 0.068232 0.015695 0.016093
0 0.456694 0.081680 0.016276 0.016534
0 0.458438 0.090719 0.016509 0.017416